2 0.46711219512195123 0.41071786310517533 0.23829268292682926 0.1425041736227045
2 0.8035902439024389 0.27781302170283806 0.12940487804878048 0.0936060100166945
2 0.7097268292682927 0.4665943238731219 0.10466341463414634 0.05766277128547579
2 0.6759512195121952 0.369449081803005 0.046468292682926834 0.11066777963272122
4 0.177609756097561 0.49457429048414026 0.058868292682926836 0.34362270450751253
4 0.16661463414634148 0.8756260434056762 0.07218536585365853 0.24874791318864775
4 0.8002731707317073 0.07971619365609349 0.27262439024390245 0.08914858096828046
2 0.15293658536585364 0.13185308848080135 0.0933170731707317 0.26238731218697825
3 0.8439219512195122 0.7498497495826377 0.15497560975609756 0.28474123539232055
4 0.8601853658536586 0.494424040066778 0.11821463414634147 0.10959933222036729
2 0.9698536585365853 0.5060100166944909 0.03402926829268293 0.12163606010016695
4 0.47709268292682927 0.02689482470784641 0.08212682926829269 0.05378964941569282
4 0.6816682926829268 0.23923205342237064 0.05887804878048781 0.11141903171953255