2 0.5326829268292683 0.5893155258764607 0.23804878048780487 0.1419031719532554
2 0.19658536585365854 0.7220367278797997 0.12975609756097561 0.09348914858096828
2 0.29024390243902437 0.5333889816360601 0.10439024390243902 0.05843071786310518
2 0.32390243902439025 0.6302170283806344 0.04682926829268293 0.11018363939899833
4 0.8224390243902439 0.5058430717863105 0.05853658536585366 0.34390651085141904
4 0.833170731707317 0.12437395659432388 0.0721951219512195 0.24874791318864775
4 0.19951219512195123 0.9198664440734557 0.27219512195121953 0.08848080133555926
2 0.8468292682926829 0.8681135225375626 0.09365853658536585 0.2621035058430718
3 0.15609756097560976 0.25041736227045075 0.1551219512195122 0.2854757929883139
4 0.14 0.5058430717863105 0.11804878048780487 0.11018363939899833
2 0.03024390243902439 0.4941569282136895 0.03414634146341464 0.12186978297161936
4 0.5229268292682927 0.9732888146911519 0.08195121951219513 0.05342237061769616
4 0.31853658536585366 0.7604340567612687 0.05853658536585366 0.11185308848080133