2 0.6617869762746088 0.06223922114047288 0.0757193336698637 0.12447844228094576
2 0.6630489651691065 0.29346314325452016 0.10853104492680464 0.13908205841446453
2 0.7112569409389198 0.5622392211404729 0.15850580514891469 0.18289290681502085
2 0.6418475517415446 0.8150208623087621 0.18879353861686018 0.24617524339360222
2 0.5451792024230186 0.31954102920723226 0.0817768803634528 0.11821974965229486
2 0.48006057546693587 0.2103616133518776 0.06309944472488642 0.1258692628650904
2 0.361686017163049 0.6780250347705146 0.06410903584048461 0.2941585535465925
2 0.40636042402826855 0.8974269819193325 0.0817768803634528 0.10917941585535466
2 0.2867238768298839 0.5243393602225312 0.0933871781928319 0.08970792767732963
2 0.4164563351842504 0.34318497913769125 0.08430085815244825 0.11265646731571627
2 0.22412922766279655 0.13004172461752433 0.06764260474507824 0.11126564673157163
2 0.22766279656739022 0.2885952712100139 0.1514386673397274 0.12239221140472879