2 0.37884513038850454 0.2705432287681714 0.14581160191591272 0.18781943381790359
2 0.5672645023948909 0.23610558530986991 0.16075572112825973 0.21994644223412396
2 0.8090580095795636 0.28201224177505735 0.11640234167110165 0.11588370313695487
2 0.786093666844066 0.12905891354246365 0.13434273549760511 0.10684009181331292
2 0.10891431612559872 0.48853863810252485 0.146663118680149 0.12801836266258607
2 0.22600851516764237 0.35241775057383323 0.11688664183076104 0.09755164498852334
2 0.33481639169771155 0.6918974751338943 0.10002660989888237 0.13074215761285385
2 0.783358169238957 0.4665570007651109 0.12886641830761042 0.11772762050497322
2 0.4227142096860032 0.44753634276970156 0.13350186269292177 0.09804131599081865
2 0.08176689728579031 0.35471308339709257 0.12430548163916977 0.11745218056618209
2 0.5635337945715807 0.7192272379495026 0.10859499733901012 0.1425707727620505
2 0.450010643959553 0.6935348125478195 0.092299095263438 0.1309716908951798
2 0.8558222458754656 0.8963427697016068 0.12265034592868547 0.1417903596021423