2 0.3382130237253912 0.9377607788595271 0.0757193336698637 0.12447844228094576
2 0.3369510348308935 0.7065368567454798 0.10853104492680464 0.13908205841446453
2 0.2887430590610803 0.43776077885952713 0.15850580514891469 0.18289290681502085
2 0.3581524482584553 0.18497913769123783 0.18879353861686018 0.24617524339360222
2 0.4548207975769813 0.6804589707927677 0.0817768803634528 0.11821974965229486
2 0.5199394245330641 0.7896383866481224 0.06309944472488642 0.1258692628650904
2 0.6383139828369511 0.3219749652294854 0.06410903584048461 0.2941585535465925
2 0.5936395759717314 0.1025730180806676 0.0817768803634528 0.10917941585535466
2 0.7132761231701161 0.4756606397774687 0.0933871781928319 0.08970792767732963
2 0.5835436648157496 0.6568150208623088 0.08430085815244825 0.11265646731571627
2 0.7758707723372035 0.8699582753824756 0.06764260474507824 0.11126564673157163
2 0.7723372034326098 0.7114047287899861 0.1514386673397274 0.12239221140472879