2 0.6596593932943055 0.3259372609028309 0.1303885045236828 0.20964039785768937
2 0.6836083022884513 0.5967865340474369 0.15274081958488558 0.23106350420811017
2 0.6516764236295902 0.9299923488905891 0.08036189462480042 0.14001530221882172
2 0.7578499201703034 0.9074215761285387 0.0745077168706759 0.18515684774292274
2 0.5079829696647152 0.02142310635042081 0.08887706226716338 0.04284621270084162
2 0.6027142096860032 0.10596786534047437 0.06812134113890367 0.16832440703902066
2 0.3664183076104311 0.26243305279265494 0.09100585417775413 0.14384085692425402
2 0.5231506120276743 0.9074215761285387 0.08195848855774349 0.18515684774292274
2 0.5364555614688664 0.38905891354246364 0.06812134113890367 0.19204284621270085
2 0.3475252794039383 0.5914307574598316 0.0989888238424694 0.15608263198163733
2 0.3653539116551357 0.428079571537873 0.09100585417775413 0.13236419280795717
2 0.2243214475784992 0.9617444529456771 0.09845662586482172 0.07651109410864575