2 0.1662847046945987 0.27719054242002783 0.1219939424533064 0.10434631432545202
2 0.350010095911156 0.27545201668984703 0.10075719333669864 0.14956189151599444
2 0.5452801615345785 0.20913769123783033 0.1328924785461888 0.21858831710709317
2 0.7285613326602726 0.30465924895688457 0.17890964159515396 0.260125173852573
2 0.3690307925290257 0.4379207232267038 0.08579505300353357 0.11287899860917941
2 0.2897879858657244 0.5274756606397775 0.09136799596163554 0.08683588317107094
2 0.6291267036850076 0.6906884561891516 0.21332660272589601 0.0884144645340751
2 0.7885108531044926 0.6289568845618916 0.07921756688541141 0.11248261474269819
2 0.941675921251893 0.6001460361613352 0.10034326097930338 0.13830319888734352
2 0.517783947501262 0.7936717663421419 0.06527511357900051 0.12896383866481223
2 0.38607269056032306 0.615173852573018 0.08201413427561838 0.11620305980528511
2 0.2315497223624432 0.8801182197496522 0.08089853609288238 0.0932336578581363
2 0.34658253407370015 0.8751599443671767 0.08885411408379607 0.2085048678720445